image: cartographer2d_test_lidar_pointcloud.pgm
resolution: 0.050000
origin: [-12.889056, -12.253009, 0.000000]
negate: 0
occupied_thresh: 0.65
free_thresh: 0.196

