image: cartographer3d_test_lidar_pointcloud.pgm
resolution: 0.050000
origin: [-11.150124, -11.199893, 0.000000]
negate: 0
occupied_thresh: 0.65
free_thresh: 0.196

